              precision    recall  f1-score   support

     class_0     0.0000    0.0000    0.0000   2160225
     class_1     0.0000    0.0000    0.0000    328980
     class_2     0.0000    0.0000    0.0000      1557
     class_3     0.0000    0.0000    0.0000   1347913
     class_4     0.0000    0.0000    0.0000     40019
     class_5     0.0000    0.0000    0.0000     85258
     class_6     0.0000    0.0000    0.0000      8608
     class_7     0.0000    0.0000    0.0000       917
     class_8     0.0000    0.0000    0.0000    995769
     class_9     0.0000    0.0000    0.0000   1215576
    class_10     0.0000    0.0000    0.0000    136425
    class_11     0.0000    0.0000    0.0000     29177
    class_12     0.0000    0.0000    0.0000      7026
    class_13     0.0000    0.0000    0.0000    802406
    class_14     0.0000    0.0000    0.0000    298126
    class_15     0.0000    0.0000    0.0000   1227457
    class_16     0.0000    0.0000    0.0000   1213606
    class_17     0.0000    0.0000    0.0000     24448
    class_18     0.0035    0.0734    0.0066      1663
    class_19     0.1429    0.9995    0.2500   1623364
    class_20     0.0025    0.3259    0.0050      1795
    class_21     0.0000    0.0000    0.0000     53614
    class_22     0.0228    0.1608    0.0399     11301
    class_23     0.4293    0.0153    0.0295     92102

    accuracy                         0.1389  11707332
   macro avg     0.0250    0.0656    0.0138  11707332
weighted avg     0.0232    0.1389    0.0349  11707332
