              precision    recall  f1-score   support

     class_0     0.0000    0.0000    0.0000   2160225
     class_1     0.0000    0.0000    0.0000    328980
     class_2     0.0000    0.0000    0.0000      1557
     class_3     0.0000    0.0000    0.0000   1347913
     class_4     0.0000    0.0000    0.0000     40019
     class_5     0.0000    0.0000    0.0000     85258
     class_6     0.0000    0.0000    0.0000      8608
     class_7     0.0000    0.0000    0.0000       917
     class_8     0.0000    0.0000    0.0000    995769
     class_9     0.0000    0.0000    0.0000   1215576
    class_10     0.0000    0.0000    0.0000    136425
    class_11     0.0000    0.0000    0.0000     29177
    class_12     0.0044    0.6506    0.0087      7026
    class_13     0.0196    0.0047    0.0076    802406
    class_14     0.0000    0.0000    0.0000    298126
    class_15     0.1303    0.9201    0.2283   1227457
    class_16     0.4000    0.0000    0.0000   1213606
    class_17     0.0748    0.0688    0.0717     24448

    accuracy                         0.1148   9923493
   macro avg     0.0350    0.0913    0.0176   9923493
weighted avg     0.0668    0.1148    0.0290   9923493
