              precision    recall  f1-score   support

     class_0     0.0000    0.0000    0.0000   2160225
     class_1     0.0000    0.0000    0.0000    328980
     class_2     0.0000    0.0000    0.0000      1557
     class_3     0.0000    0.0000    0.0000   1347913
     class_4     0.0000    0.0000    0.0000     40019
     class_5     0.0000    0.0000    0.0000     85258
     class_6     0.0070    0.2571    0.0136      8608
     class_7     0.0000    0.0000    0.0000       917
     class_8     0.9311    0.2310    0.3702    995769
     class_9     0.2102    0.9988    0.3473   1215576
    class_10     0.0000    0.0000    0.0000    136425
    class_11     0.0583    0.0135    0.0220     29177

    accuracy                         0.2278   6350424
   macro avg     0.1005    0.1250    0.0628   6350424
weighted avg     0.1865    0.2278    0.1246   6350424
