               precision    recall  f1-score   support

       Benign     0.9927    0.3557    0.5238  41700592
          DoS     0.0000    0.0000    0.0000    145129
       double     0.0000    0.0000    0.0000     12413
force-neutral     0.0000    0.0000    0.0000      5744
      fuzzing     0.0000    0.0000    0.0000     67321
     interval     0.0000    0.0000    0.0000     40542
          rpm     0.0000    0.0000    0.0000      5043
rpm-accessory     0.0000    0.0000    0.0000      3146
        speed     0.0002    0.8384    0.0005      7471

     accuracy                         0.3534  41987401
    macro avg     0.1103    0.1327    0.0582  41987401
 weighted avg     0.9859    0.3534    0.5202  41987401
