               precision    recall  f1-score   support

       Benign     0.9932    1.0000    0.9966  41700592
          DoS     0.0000    0.0000    0.0000    145129
       double     0.0000    0.0000    0.0000     12413
force-neutral     0.0000    0.0000    0.0000      5744
      fuzzing     0.0000    0.0000    0.0000     67321
     interval     0.0000    0.0000    0.0000     40542
          rpm     0.0000    0.0000    0.0000      5043
rpm-accessory     0.0000    0.0000    0.0000      3146
        speed     0.0000    0.0000    0.0000      7471

     accuracy                         0.9932  41987401
    macro avg     0.1104    0.1111    0.1107  41987401
 weighted avg     0.9864    0.9932    0.9898  41987401
