               precision    recall  f1-score   support

       Benign     0.9896    0.2330    0.3772  41700592
          DoS     0.0000    0.0000    0.0000    145129
       double     0.0000    0.0000    0.0000     12413
force-neutral     0.0000    0.0000    0.0000      5744
      fuzzing     0.0000    0.0000    0.0000     67321
     interval     0.0000    0.0000    0.0000     40542
          rpm     0.0000    0.0000    0.0000      5043
rpm-accessory     0.0000    0.0000    0.0000      3146
        speed     0.0002    0.8384    0.0004      7471

     accuracy                         0.2315  41987401
    macro avg     0.1100    0.1190    0.0419  41987401
 weighted avg     0.9829    0.2315    0.3746  41987401
